QUERY NRO 1
------------------------

==================================================
CANTIDAD DE RESPUESTAS = 10
COEFICIENTE DE CORRELACIÓN: 0.825174825175
CANTIDAD DE RESPUESTAS EFECTIVAS = 12
==================================================

Ranking TF-IDF  BM25    
1       42      55      
2       55      53      
3       53      54      
4       54      42      
5       35      35      
6       391     504     
7       375     391     
8       504     46      
9       487     487     
10      418     56      
11      46      375     
12      56      418     


==================================================
CANTIDAD DE RESPUESTAS = 25
COEFICIENTE DE CORRELACIÓN: 0.881773399015
CANTIDAD DE RESPUESTAS EFECTIVAS = 28
==================================================

Ranking TF-IDF  BM25    
1       42      55      
2       55      53      
3       53      54      
4       54      42      
5       35      35      
6       391     504     
7       375     391     
8       504     46      
9       487     487     
10      418     56      
11      146     375     
12      29      146     
13      353     360     
14      56      29      
15      75      418     
16      360     37      
17      46      488     
18      182     377     
19      126     353     
20      37      75      
21      34      368     
22      488     182     
23      470     126     
24      377     378     
25      123     142     
26      368     34      
27      378     470     
28      142     123     


==================================================
CANTIDAD DE RESPUESTAS = 50
COEFICIENTE DE CORRELACIÓN: 0.877236193933
CANTIDAD DE RESPUESTAS EFECTIVAS = 57
==================================================

Ranking TF-IDF  BM25    
1       42      55      
2       55      53      
3       53      54      
4       54      42      
5       35      35      
6       391     504     
7       375     391     
8       504     46      
9       487     487     
10      418     56      
11      146     375     
12      29      146     
13      353     360     
14      56      29      
15      75      418     
16      360     37      
17      46      488     
18      182     377     
19      126     353     
20      37      75      
21      34      368     
22      488     182     
23      470     126     
24      377     378     
25      123     142     
26      368     470     
27      518     123     
28      378     364     
29      508     388     
30      526     518     
31      44      458     
32      142     508     
33      364     34      
34      186     96      
35      38      254     
36      409     524     
37      96      409     
38      399     73      
39      509     366     
40      43      298     
41      254     24      
42      388     413     
43      458     526     
44      227     255     
45      366     244     
46      303     74      
47      524     44      
48      413     58      
49      298     110     
50      73      421     
51      24      186     
52      255     38      
53      244     399     
54      74      509     
55      58      43      
56      110     227     
57      421     303     


QUERY NRO 2
------------------------

==================================================
CANTIDAD DE RESPUESTAS = 10
COEFICIENTE DE CORRELACIÓN: -0.278947368421
CANTIDAD DE RESPUESTAS EFECTIVAS = 19
==================================================

Ranking TF-IDF  BM25    
1       294     294     
2       288     195     
3       496     54      
4       27      521     
5       502     413     
6       69      374     
7       111     248     
8       510     516     
9       519     128     
10      507     361     
11      195     288     
12      54      496     
13      521     27      
14      413     502     
15      374     69      
16      248     111     
17      516     510     
18      128     519     
19      361     507     


==================================================
CANTIDAD DE RESPUESTAS = 25
COEFICIENTE DE CORRELACIÓN: -0.410612244898
CANTIDAD DE RESPUESTAS EFECTIVAS = 49
==================================================

Ranking TF-IDF  BM25    
1       294     294     
2       288     195     
3       496     54      
4       27      521     
5       502     413     
6       69      374     
7       111     248     
8       510     516     
9       519     128     
10      507     361     
11      34      192     
12      247     395     
13      184     366     
14      205     385     
15      66      153     
16      494     305     
17      217     290     
18      115     311     
19      335     316     
20      459     313     
21      51      512     
22      245     168     
23      501     442     
24      104     451     
25      514     487     
26      195     288     
27      54      496     
28      521     27      
29      413     502     
30      374     69      
31      248     111     
32      516     510     
33      128     519     
34      361     507     
35      192     34      
36      395     247     
37      366     184     
38      385     205     
39      153     66      
40      305     494     
41      290     217     
42      311     115     
43      316     335     
44      313     459     
45      512     51      
46      168     245     
47      442     501     
48      451     104     
49      487     514     


==================================================
CANTIDAD DE RESPUESTAS = 50
COEFICIENTE DE CORRELACIÓN: -0.455151515152
CANTIDAD DE RESPUESTAS EFECTIVAS = 99
==================================================

Ranking TF-IDF  BM25    
1       294     294     
2       288     195     
3       496     54      
4       27      521     
5       502     413     
6       69      374     
7       111     248     
8       510     516     
9       519     128     
10      507     361     
11      34      192     
12      247     395     
13      184     366     
14      205     385     
15      66      153     
16      494     305     
17      217     290     
18      115     311     
19      335     316     
20      459     313     
21      51      512     
22      245     168     
23      501     442     
24      104     451     
25      514     487     
26      509     264     
27      75      144     
28      504     302     
29      220     71      
30      100     418     
31      485     117     
32      341     110     
33      493     182     
34      94      246     
35      498     304     
36      72      398     
37      488     213     
38      523     222     
39      468     402     
40      44      226     
41      327     309     
42      120     90      
43      228     363     
44      429     394     
45      505     149     
46      37      93      
47      524     425     
48      272     376     
49      318     250     
50      445     306     
51      195     288     
52      54      496     
53      521     27      
54      413     502     
55      374     69      
56      248     111     
57      516     510     
58      128     519     
59      361     507     
60      192     34      
61      395     247     
62      366     184     
63      385     205     
64      153     66      
65      305     494     
66      290     217     
67      311     115     
68      316     335     
69      313     459     
70      512     51      
71      168     245     
72      442     501     
73      451     104     
74      487     514     
75      264     509     
76      144     75      
77      302     504     
78      71      220     
79      418     100     
80      117     485     
81      110     341     
82      182     493     
83      246     94      
84      304     498     
85      398     72      
86      213     488     
87      222     523     
88      402     468     
89      226     44      
90      309     327     
91      90      120     
92      363     228     
93      394     429     
94      149     505     
95      93      37      
96      425     524     
97      376     272     
98      250     318     
99      306     445     


QUERY NRO 3
------------------------

==================================================
CANTIDAD DE RESPUESTAS = 10
COEFICIENTE DE CORRELACIÓN: 0.806060606061
CANTIDAD DE RESPUESTAS EFECTIVAS = 10
==================================================

Ranking TF-IDF  BM25    
1       105     105     
2       487     104     
3       104     107     
4       107     106     
5       106     190     
6       190     245     
7       245     487     
8       45      45      
9       341     115     
10      115     341     


==================================================
CANTIDAD DE RESPUESTAS = 25
COEFICIENTE DE CORRELACIÓN: 0.952928297756
CANTIDAD DE RESPUESTAS EFECTIVAS = 28
==================================================

Ranking TF-IDF  BM25    
1       105     105     
2       487     104     
3       104     107     
4       107     106     
5       106     190     
6       190     245     
7       245     487     
8       45      45      
9       341     115     
10      115     341     
11      491     420     
12      420     373     
13      373     337     
14      192     217     
15      337     491     
16      217     483     
17      483     253     
18      253     372     
19      424     424     
20      372     192     
21      451     248     
22      340     451     
23      87      340     
24      8       502     
25      127     272     
26      248     87      
27      502     8       
28      272     127     


==================================================
CANTIDAD DE RESPUESTAS = 50
COEFICIENTE DE CORRELACIÓN: 0.935114829676
CANTIDAD DE RESPUESTAS EFECTIVAS = 52
==================================================

Ranking TF-IDF  BM25    
1       105     105     
2       487     104     
3       104     107     
4       107     106     
5       106     190     
6       190     245     
7       245     487     
8       45      45      
9       341     115     
10      115     341     
11      491     420     
12      420     373     
13      373     337     
14      192     217     
15      337     491     
16      217     483     
17      483     253     
18      253     372     
19      424     424     
20      372     192     
21      451     248     
22      340     451     
23      87      340     
24      8       502     
25      127     272     
26      248     294     
27      471     87      
28      42      8       
29      5       127     
30      272     471     
31      398     42      
32      350     5       
33      227     288     
34      140     398     
35      259     350     
36      35      227     
37      186     140     
38      502     259     
39      297     35      
40      33      186     
41      166     297     
42      99      33      
43      448     166     
44      124     99      
45      223     448     
46      334     124     
47      219     223     
48      470     334     
49      88      219     
50      509     470     
51      294     88      
52      288     509     


QUERY NRO 4
------------------------

==================================================
CANTIDAD DE RESPUESTAS = 10
COEFICIENTE DE CORRELACIÓN: 0.951515151515
CANTIDAD DE RESPUESTAS EFECTIVAS = 10
==================================================

Ranking TF-IDF  BM25    
1       160     160     
2       405     405     
3       227     227     
4       229     229     
5       519     519     
6       105     468     
7       468     105     
8       325     501     
9       358     325     
10      501     358     


==================================================
CANTIDAD DE RESPUESTAS = 25
COEFICIENTE DE CORRELACIÓN: 0.964590964591
CANTIDAD DE RESPUESTAS EFECTIVAS = 27
==================================================

Ranking TF-IDF  BM25    
1       160     160     
2       405     405     
3       227     227     
4       229     229     
5       519     519     
6       105     468     
7       468     105     
8       325     501     
9       358     325     
10      501     358     
11      272     184     
12      294     220     
13      153     72      
14      184     294     
15      220     272     
16      402     464     
17      72      153     
18      464     402     
19      493     223     
20      223     178     
21      399     493     
22      178     74      
23      74      399     
24      323     516     
25      49      296     
26      516     323     
27      296     49      


==================================================
CANTIDAD DE RESPUESTAS = 50
COEFICIENTE DE CORRELACIÓN: 0.891524265208
CANTIDAD DE RESPUESTAS EFECTIVAS = 56
==================================================

Ranking TF-IDF  BM25    
1       160     160     
2       405     405     
3       227     227     
4       229     229     
5       519     519     
6       105     468     
7       468     105     
8       325     501     
9       358     325     
10      501     358     
11      272     184     
12      294     220     
13      153     72      
14      184     294     
15      220     272     
16      402     464     
17      72      153     
18      464     402     
19      493     223     
20      223     178     
21      399     493     
22      178     74      
23      74      399     
24      323     516     
25      49      296     
26      87      491     
27      129     195     
28      173     401     
29      296     190     
30      401     323     
31      336     49      
32      180     87      
33      224     129     
34      516     173     
35      221     336     
36      2       180     
37      375     224     
38      496     34      
39      308     221     
40      60      2       
41      525     375     
42      38      496     
43      186     196     
44      112     98      
45      71      308     
46      527     182     
47      119     60      
48      155     525     
49      491     38      
50      34      515     
51      195     186     
52      190     112     
53      196     71      
54      98      527     
55      182     119     
56      515     155     


QUERY NRO 5
------------------------

==================================================
CANTIDAD DE RESPUESTAS = 10
COEFICIENTE DE CORRELACIÓN: 0.261764705882
CANTIDAD DE RESPUESTAS EFECTIVAS = 16
==================================================

Ranking TF-IDF  BM25    
1       496     496     
2       341     324     
3       324     341     
4       49      297     
5       186     323     
6       87      160     
7       38      129     
8       297     173     
9       494     336     
10      387     180     
11      323     49      
12      160     186     
13      129     87      
14      173     38      
15      336     494     
16      180     387     


==================================================
CANTIDAD DE RESPUESTAS = 25
COEFICIENTE DE CORRELACIÓN: -0.140843214756
CANTIDAD DE RESPUESTAS EFECTIVAS = 45
==================================================

Ranking TF-IDF  BM25    
1       496     496     
2       341     324     
3       324     341     
4       49      297     
5       186     323     
6       87      160     
7       38      129     
8       297     173     
9       494     336     
10      387     180     
11      321     224     
12      308     221     
13      375     2       
14      202     60      
15      445     525     
16      75      112     
17      484     527     
18      42      119     
19      495     155     
20      509     355     
21      480     472     
22      253     396     
23      227     321     
24      59      334     
25      405     24      
26      323     49      
27      160     186     
28      129     87      
29      173     38      
30      336     494     
31      180     387     
32      224     308     
33      221     375     
34      2       202     
35      60      445     
36      525     75      
37      112     484     
38      527     42      
39      119     495     
40      155     509     
41      355     480     
42      472     253     
43      396     227     
44      334     59      
45      24      405     


==================================================
CANTIDAD DE RESPUESTAS = 50
COEFICIENTE DE CORRELACIÓN: -0.236063582059
CANTIDAD DE RESPUESTAS EFECTIVAS = 84
==================================================

Ranking TF-IDF  BM25    
1       496     496     
2       341     324     
3       324     341     
4       49      297     
5       186     323     
6       87      160     
7       38      129     
8       297     173     
9       494     336     
10      387     180     
11      321     224     
12      308     221     
13      375     2       
14      202     60      
15      445     525     
16      75      112     
17      484     527     
18      42      119     
19      495     155     
20      509     355     
21      480     472     
22      253     396     
23      227     321     
24      59      334     
25      405     24      
26      17      463     
27      430     391     
28      272     183     
29      511     169     
30      510     322     
31      479     181     
32      326     87      
33      71      188     
34      399     152     
35      310     274     
36      252     150     
37      52      71      
38      162     375     
39      34      325     
40      523     49      
41      493     379     
42      43      358     
43      73      308     
44      353     430     
45      66      405     
46      107     479     
47      340     38      
48      269     290     
49      105     484     
50      121     186     
51      323     494     
52      160     387     
53      129     202     
54      173     445     
55      336     75      
56      180     42      
57      224     495     
58      221     509     
59      2       480     
60      60      253     
61      525     227     
62      112     59      
63      527     17      
64      119     272     
65      155     511     
66      355     510     
67      472     326     
68      396     399     
69      334     310     
70      24      252     
71      463     52      
72      391     162     
73      183     34      
74      169     523     
75      322     493     
76      181     43      
77      188     73      
78      152     353     
79      274     66      
80      150     107     
81      325     340     
82      379     269     
83      358     105     
84      290     121     


