Id Keywords
Doc 1: (44, 51, 96, 128, 129, 151, 195)
Doc 2: (3, 10, 25, 35, 37, 44, 46, 51, 58, 59, 65, 81, 82, 96, 102, 112, 114, 123, 124, 141, 149, 188, 189)
Doc 3: (3, 4, 23, 24, 30, 31, 34, 35, 42, 51, 58, 81, 90, 96, 105, 112, 114,123, 133, 134, 144, 155, 188, 201)
Doc 4: (35, 51, 82, 96, 97, 113, 123, 135, 195, 196)
Doc 5: (3, 4, 20, 32, 35, 51, 82, 96, 97, 98, 116, 121, 124, 125, 154, 162,170, 171, 172, 191)
Doc 6: (3, 6, 34, 35, 37, 46, 51, 89, 96, 97, 195)
Doc 7: (10, 17, 35, 37, 41, 51, 82, 96, 120, 124, 152, 174, 175, 179, 188)
Doc 8: (3, 35, 37, 46, 51, 82, 96, 124, 139, 169, 178, 183, 184)
Doc 9: (4, 11, 51, 93, 96, 97, 118, 153, 195, 196)
Doc 10: (1, 3, 4, 8, 35, 51, 60, 82, 96, 124, 166, 169, 178, 182)
Doc 11: (35, 37, 51, 82, 96, 97, 102, 114, 124, 133, 141)
Doc 12: (3, 4, 5, 10, 28, 29, 35, 37, 51, 58, 59, 64, 96, 97, 108, 112, 146, 149, 162, 177, 187, 198, 199)
Doc 13: (20, 51, 75, 82, 84, 87, 88, 96, 120, 124, 127, 139, 155, 159, 162,167, 178, 179)
Doc 14: (11, 33, 51, 55, 69, 96, 97, 98, 124, 140, 196)
Doc 15: (3, 4, 7, 35, 37, 44, 46, 51, 70, 82, 96, 97, 102, 124, 138, 191, 192)
Doc 16: (34, 35, 37, 45, 50, 51, 62, 96, 97, 98, 100, 103, 122)
Doc 17: (9, 22, 51, 53, 58, 83, 84, 85, 90, 96, 102, 104, 106, 110, 117, 126, 133, 135, 140, 162, 187, 198)
Doc 18: (12, 14, 51, 52, 66, 68, 71, 96, 109, 130, 132, 134, 165, 182, 184, 200)
Doc 19: (13, 15, 21, 34, 47, 51, 55, 58, 74, 80, 94, 96, 98, 100, 115, 121, 123, 156, 157, 161, 162, 195, 196)
Doc 20: (3, 35, 37, 40, 51, 79, 96, 97, 102, 114, 141, 150, 187)
Doc 21: (3, 4, 35, 37, 51, 82, 95, 96, 97, 102, 123, 124, 140, 187, 195, 196)
Doc 22: (24, 35, 51, 56, 57, 58, 59, 63, 96, 109, 136, 141, 187, 190)
Doc 23: (3, 16, 37, 38, 51, 96, 131, 137, 173, 178)
Doc 24: (3, 4, 35, 37, 51, 61, 96, 97, 98, 139, 140, 143, 145, 162, 176, 181)
Doc 25: (3, 35, 51, 92, 96, 160, 164, 191, 202)
Doc 26: (35, 37, 43, 51, 76, 81, 82, 91, 96, 124)
Doc 27: (35, 39, 51, 96, 139, 168, 179)
Doc 28: (18, 34, 35, 37, 51, 81, 96, 144, 187)
Doc 29: (3, 35, 37, 48, 49, 51, 67, 82, 96, 124, 191, 195)
Doc 30: (3, 27, 35, 37, 39, 51, 54, 82, 86, 96, 124, 148, 158, 178, 179)
Doc 31: (51, 54, 96)
Doc 32: (3, 4, 35, 51, 55, 90, 92, 96, 151, 160, 182, 185, 191, 202)
Doc 33: (3, 4, 34, 35, 43, 51, 67, 82, 91, 96, 123, 124, 141, 144, 178)
Doc 34: (51, 96, 141, 190)
Doc 35: (33, 35, 39, 51, 96, 97, 124, 139, 179)
Doc 36: (51, 59, 72, 78, 96, 97, 107, 111, 135, 162, 163, 178, 186, 192, 193, 194, 196, 197, 202)
Doc 37: (2, 11, 19, 26, 35, 36, 37, 51, 96, 97, 99, 101, 119, 123, 161, 195, 196)
Doc 38: (3, 23, 35, 37, 40, 51, 77, 78, 82, 96, 97, 124, 150, 187, 195, 196)

